5397.384825859958
5637.517988399096
5333.667840639221
5531.524872991649
5111.902346662509
5194.90278384635
4845.533734247158
5004.190611700677
4451.302627688643
4553.070787953336
4108.358974479706
4059.964757154101
3544.8771165005905
3739.0421458500423
3935.110732869869
3833.0344633665372
4103.566969977303
3937.243018291123
4378.796778556723
4134.4098374014575
4363.191133617938
4577.461874852721
4321.218892425603
4435.372926600612
4109.2070244333145
4026.0905538081297
4224.668372547647
4313.0109411141275
4506.367811303083
4398.445242658687
4841.442995141685
4638.809335952779
4618.786493679571
4687.408994716413
4695.130299762813
4753.87323903284
4485.85764700942
4451.787702521089
4584.886443027435
4597.451314536488
4516.209179131314
4520.846908262884
4613.140693648612
4434.921818994528
4712.86600706935
4526.95599031966
4701.6564227375575
4732.644372986581
4725.57837535553
4820.223888073306
4715.5405634819035
4863.664032115612
4716.2172291787565
4780.373726711165
4796.441354910605
4784.1504313969945
4880.143100482336
4828.656332671715
4913.4119265757345
4748.867604040942
4902.299618614538
4672.268188777201
5034.743436178834
4849.204560749667
4995.307222690748
4993.711689363656
5125.056969283129
4908.551606143472
4989.793234021645
5069.924248513114
4889.955819283278
5140.822927263122
4972.11105774606
4979.233471999688
5341.789359610071
5052.477099907952
5039.48057334182
5106.561726719591
4840.072616666088
4828.211307495732
4896.41608151934
4502.879917993224
4744.708346977525
4889.034958912558
4697.606644740317
4957.1011046387375
4345.8680099637095
4708.561563962523
4840.61241840741
4565.711011928418
4970.853509325627
4846.14761688991
4540.201243747684
4833.899925252132
4716.865272515034
4264.012734268333
4632.138535564923
4110.830348261059
4467.387660961762
4397.059008246873
4134.661678711324
4371.093003271363
4413.956458128419
4122.445041363569
4243.494838224318
3812.0488120596
4213.195218805269
4665.47302401447
4418.769593093886
4486.246379866237
4524.6559841889575
4621.622403019978
4057.330278721559
4405.936774037749
4115.973799131384
4057.311984352515
4199.504841065223
4136.316102920864
4257.729109049519
4341.86367448121
4411.7261427778685
4334.821094135563
4489.167340009416
4211.233908740511
4430.598951004002
4227.58042940899
4407.068075326962
3946.404266571255
4107.49612811672
4465.712610296992
4005.9847769598264
4002.0565134219046
4129.748456637546
4357.707125386503
3956.8048520320353
4385.791469026431
4037.2858139152413
3919.8359348339
4063.22023885613
3725.3944737928455
3725.1710775777756
3966.55636105117
3632.6569028941094
4069.380544126603
3636.424333955407
3560.1596325014298
3835.1624785461904
3457.353824064298
3521.8562111453593
3483.0375000236063
3191.5251996627617
3400.737247265239
3610.0055814142793
3694.6930071456936
2985.845952082588
3737.1125614570933
3187.947357721552
3641.226643530809
3284.8926242460384
3823.1453032956147
3331.3843055529746
3540.9679329175565
3541.68075780879
3453.027425593411
3437.6424616132713
3594.0394936329776
3010.1754865334337
3856.2222144435827
3720.3313011365235
3339.0447618539856
3989.7677085256446
3729.264861140963
3517.962439774602
3549.6756369482173
3499.7461805115595
3261.389523583654
3712.7804314812574
3976.070687344639
3157.7253510303512
3751.3424163222444
3628.514186702735
3682.9147916743655
3757.176227432552
3281.742068073382
3767.0098673962148
3968.7273958319684
3688.1220145458146
3812.589886710737
3451.067404434563
3763.0205378141077
3904.302742974384
3746.5664328449807
3616.965827179542
3750.7504613427873
3637.4033105975573
3348.1662940053798
3459.445139654659
3832.41340252463
3652.452204425539
3330.334341013285
