5730.691851724197
5750.0815770302925
5877.354560035918
5801.10047055797
6021.9053407921
5952.059120564079
5718.02956833012
5856.482417124688
5837.537638383488
5753.871146603271
6014.662864509999
5831.229911613931
5865.377390185273
5875.891245828704
5792.261984328707
5820.141138237153
5753.3130386493585
5813.579049853906
5769.761141105737
5837.686956142001
5768.159493965414
5841.1393518625655
5935.741260582585
5933.719893035214
5789.058348221076
5940.282560168209
5970.512798247186
5924.195703871299
5922.290328782619
5788.240060770669
5840.775929665593
5864.9014202585
5916.696562087033
5820.442559673133
6003.277000064813
5784.984254614352
5767.147497861295
5952.091577140294
5802.973769708109
5800.647313474388
5857.23808817228
5883.9897338757255
5903.429580670227
5926.219869113396
5711.871091943752
5957.335457893059
5979.018623924664
5793.139190750578
5796.795247385614
5798.877120058185
6081.844659306126
5994.869416260029
5710.192414437161
5735.902874685059
5816.709895501125
5903.210230819419
5914.9326772377235
5892.361575271418
5835.850876062534
5899.024571718869
5935.413547177253
5849.408624257564
5764.559071511952
5857.384267682517
5938.607663241823
5986.610875075007
5741.305287695705
5708.778953509621
5906.327275860417
5829.74146082038
5819.784636562014
5822.253425557501
6005.790626278898
5793.05220693768
5888.111833535027
6003.043354577843
6026.816670014774
5867.120419705948
5919.032210836986
5841.532531372744
5847.112171675113
5845.85114569544
5950.282509671272
5983.182632106813
5735.075966474987
5961.964266780406
5867.182424447431
5819.056968401733
5678.528618336278
5902.151952341577
6028.032483334542
5839.466840640892
5834.832675267516
5947.227924203365
5780.01996249558
5830.732728343857
6045.081467547456
5909.766538715219
5789.731763151142
5823.7227135919475
