4950.709221365671
4798.668790204013
4815.549157278699
4725.837030930481
4953.003410793952
4898.774871297381
5002.058540889018
5050.223847001936
4999.416191421933
4742.992152550584
4741.124498780601
3350.3942559538227
4967.702434804461
4851.4151595237545
4862.693582492879
4742.547752670793
5117.151083898397
4771.815345965248
5002.633570146704
4730.612743190832
4958.209977873159
4964.977033218202
4932.940348785274
4793.790916393924
4673.891524225293
5027.243506823935
4907.723387739108
4856.764333120591
4948.55820063765
4667.098190861749
4932.335767494834
4929.716459617746
4870.099892198359
4872.579524975912
4953.560229012961
4889.576695813891
4923.372367559182
4762.685129176112
5124.139330347452
4836.907832356754
4982.222997334935
4759.003604890759
4943.311599739639
4921.205795157599
4997.45017472255
4944.506294189503
4884.364333389835
5157.973551116224
4516.5291249799975
4805.291052136518
4693.850429004485
5093.64719151952
4795.847087528462
4748.170236370784
4759.573793651782
4888.031486869674
4629.118850413054
4761.214216800964
4955.512407414644
4632.043716752466
4260.758791863096
4665.759537078019
4858.464913384277
4728.338437298949
4686.513413504427
4380.581655767086
4618.7118026796325
4691.476171284442
4677.2463890110985
4458.6292193703175
4104.901025764934
4732.937710399323
4445.513730514516
4511.82340910898
4584.397031831006
4281.988608961076
4697.68959367408
4605.614527720393
4555.819923567877
4420.7984637467025
4487.9735185096715
4344.585653187535
3696.2541084853337
4383.866966658733
4714.628689709206
4519.071058395034
4551.160554366792
4412.865638474436
4276.114915496363
4269.18209375519
4433.743853394114
4199.586845393156
3942.4853471562733
4041.875662147022
4345.064675102693
3617.8795733596708
4114.918798068992
4295.842481605087
4323.413270648403
4095.4528162086262
